1 57
1 58
1 66
2 67
3 41
4 41
5 64
6 58
6 50
7 57
8 45 
8 44
8 73
9 65
9 64
10 42
10 43
11 68
12 68
13 39
14 39
14 68
14 69
14 38
15 68
15 69
16 69
17 70
18 70
18 71
18 72
19 56
20 54
21 52
21 53
21 51
22 72
22 71
22 35
23 60
23 61
23 59
24 61
24 62
25 61
25 62
26 61
26 47
27 69
27 70
28 70
28 71
29 55
29 54
30 55
30 54
30 57
30 56
31 34
32 39
33 43
74 58
34 35
35 36
36 37
37 38
38 39
39 40
40 41
41 42
42 43
43 44
44 45
45 46
46 47 
47 48
48 49
49 50
50 51
51 52
52 53
53 54
54 55
55 56 
56 57
57 54
57 58
58 59 
59 60
59 48
60 63
60 61
60 47
63 62
62 61
61 47
63 64
62 73
73 45
73 65
65 43
64 66
64 41
66 67
66 72
67 70
67 68
68 41
68 39
68 69
69 36
69 70
70 71
71 35 
71 72 
72 56
1 74
2 3
2 4
2 5
3 4
4 5
5 9
9 10
11 12 
12 13
11 13
15 16
16 17
17 18
28 27
21 20 
20 7
25 26
34 35
34 53
34 55
55 56
55 54
55 56