1 57
1 58
1 66
1 74
2 3
2 4
2 5
2 67
3 4
3 41
4 5
4 41
5 9
5 64
6 50
6 58
7 20
7 57
8 44
8 45
8 73
9 10
9 64
9 65
10 42
10 43
11 12
11 13
11 68
12 13
12 68
13 39
14 38
14 39
14 68
14 69
15 16
15 68
15 69
16 17
16 69
17 18
17 70
18 70
18 71
18 72
19 56
20 21
20 54
21 51
21 52
21 53
22 35
22 71
22 72
23 59
23 60
23 61
24 61
24 62
25 26
25 61
25 62
26 47
26 61
27 28
27 69
27 70
28 70
28 71
29 54
29 55
30 54
30 55
30 56
30 57
31 34
32 39
33 43
34 35
34 53
34 55
35 36
35 71
36 37
36 69
37 38
38 39
39 40
39 68
40 41
41 42
41 64
41 68
42 43
43 44
43 65
44 45
45 46
45 73
46 47
47 48
47 60
47 61
48 49
48 59
49 50
50 51
51 52
52 53
53 54
54 55
54 57
55 56
56 57
56 72
57 58
58 59
58 74
59 60
60 61
60 63
61 62
62 63
62 73
63 64
64 66
65 73
66 67
66 72
67 68
67 70
68 69
69 70
70 71
71 72
